13 14 15
1 0 1 -1.21243554465056 2.09999996423721 0
2 0 1 -2.42487108930112 1.39999997615814 0
3 0 1 -2.42487108930112 0 0 
4 0 1 -1.21243554465056 -0.699999988079071 0
5 0 1 -1.21243554465056 -2.09999996423721 0
6 0 1 0 -2.79999995231628 0
7 0 1 1.21243554465056 -2.09999996423721 0
8 0 1 1.21243554465056 -0.699999988079071 0 
9 0 1 2.42487108930112 0 0
10 0 1  2.42487108930112 1.39999997615814 0
11 0 1 1.21243554465056 2.09999996423721 0
12 0 1 0 1.39999997615814 0
13 1.5 2 0 0 0
1 2 1
1 12 1
2 3 1
3 4 1
4 5 1
4 13 0.8
5 6 1
6 7 1
7 8 1
8 9 1
8 13 0.8
9 10 1
10 11 1
11 12 1
12 13 0.8
